500
-92,0.82
-26,0.25
52,0.26
70,0.53
-31,0.91
27,0.13
67,0.03
93,0.68
35,0.17
18,0.85
30,0.26
17,0.53
-62,0.43
-93,0.79
-32,0.59
78,0.97
-87,0.59
88,0.03
21,0.15
-46,0.94
73,0.93
13,0.51
-26,0.07
-14,0.4
-26,0.33
-19,0.22
-39,0.89
-40,0.38
-57,0.39
-90,0.52
59,0.61
0,0.29
-74,0.83
-8,0.33
-60,0.78
45,0.91
56,0.45
-29,0.93
-96,0.41
31,0.35
37,0.89
30,0.75
82,0.87
7,0.18
-42,0.24
-94,0.5
-89,0.46
-93,0.38
66,0.11
-4,0.9
-2,0.16
-66,0.61
97,0.06
54,0.79
-63,0.12
52,0.49
-26,0.04
-16,0.73
8,0.46
-22,0.57
-19,0.56
4,0.21
58,0.8
1,0.64
50,0.66
32,0.59
-83,0.63
70,0.35
22,0.34
-98,0.52
85,0.05
-23,0.11
-23,0.0
51,0.21
29,0.27
-20,0.85
-56,0.73
50,0.02
-74,0.01
-54,0.14
-19,0.11
-11,0.77
-9,0.64
13,0.99
45,0.38
71,0.34
-91,0.87
-55,0.38
0,0.42
98,0.73
-10,0.85
45,0.23
-2,0.51
-19,0.1
-62,0.69
64,0.11
-95,0.44
-87,0.62
62,0.82
15,0.34
60,0.6
56,0.37
-64,0.43
71,0.27
-26,0.55
36,0.13
-62,0.58
-99,0.33
-84,0.53
-2,0.62
76,0.17
20,0.57
-66,0.35
-17,0.25
29,0.64
-12,0.5
-58,0.38
34,0.63
-18,0.25
-40,0.24
2,0.54
37,0.68
12,0.96
24,0.91
85,0.13
-22,0.27
-100,0.58
61,0.91
97,0.48
-50,0.03
75,0.11
-77,0.8
-53,0.37
23,0.59
-51,0.04
13,0.35
97,0.81
-83,0.57
66,0.98
-15,0.87
71,0.32
-19,0.86
8,0.67
34,0.25
-44,0.0
68,0.42
27,0.7
-45,0.48
4,0.54
19,0.38
-12,0.79
-70,0.17
78,0.49
-7,0.88
29,0.95
-83,0.78
-54,0.15
51,0.27
-19,0.62
91,0.14
-74,0.31
90,0.73
53,0.79
-53,0.16
40,0.34
46,0.05
-44,0.07
-38,0.06
59,0.65
-65,0.11
76,0.74
-91,0.83
-9,0.55
95,0.84
89,0.78
83,0.8
-75,0.05
-89,0.85
-70,0.44
55,0.38
-16,0.09
79,0.98
-22,0.35
-65,0.87
80,0.19
-65,0.2
-87,0.45
41,0.51
36,0.05
-15,0.35
41,0.89
21,0.99
-50,0.74
-20,0.76
-13,0.2
89,0.31
22,0.26
69,0.28
-61,0.88
20,0.92
-63,0.01
-36,0.47
-12,0.58
31,0.75
8,0.07
5,0.21
-74,0.7
-20,0.54
-7,0.43
-20,0.89
23,0.1
-77,0.71
50,0.23
88,0.36
-19,0.9
62,0.99
-22,0.62
66,0.43
-93,0.41
-32,0.06
82,0.56
75,0.71
-78,0.52
99,0.04
34,0.12
30,0.35
92,0.65
9,0.68
4,0.27
-41,0.47
-47,0.48
-26,0.55
19,0.46
27,0.0
-74,0.24
26,0.76
89,0.9
1,0.66
2,0.82
37,0.77
-63,0.16
-73,0.08
-27,0.21
41,0.05
-26,0.32
55,0.57
-15,0.36
-83,0.88
7,0.23
93,0.58
25,0.72
23,0.69
-4,0.1
2,0.25
-92,0.2
22,0.39
50,0.08
-93,0.99
25,0.05
61,0.05
82,0.26
32,0.2
-26,0.87
-55,0.29
94,0.0
50,0.49
-87,0.31
-40,0.27
-37,0.37
18,0.3
97,0.81
-41,0.49
-43,0.08
-88,0.01
84,0.86
-17,0.48
-43,0.55
31,0.5
61,0.66
-51,0.68
-72,0.24
-8,0.25
28,0.59
-19,0.67
-85,0.64
30,0.36
84,0.5
47,0.37
-16,0.25
55,0.56
32,0.64
1,0.69
-64,0.21
72,0.2
54,0.26
-14,0.08
52,0.16
1,0.48
-19,0.75
-42,0.9
-48,0.28
41,0.81
-27,0.39
2,0.64
76,0.62
-84,0.32
70,0.16
-81,0.18
95,0.09
10,0.81
14,0.09
-87,0.51
-71,0.48
54,1.0
36,0.81
83,0.44
-31,0.21
-28,0.86
83,0.02
16,0.46
46,0.54
23,0.78
92,0.64
5,0.43
-23,0.06
-93,0.99
68,0.66
-62,0.59
-29,0.16
48,0.95
-38,0.82
84,0.83
-9,0.6
51,0.36
4,0.65
3,0.01
72,0.29
76,1.0
-70,0.19
-59,0.6
-87,0.79
-98,0.76
-98,0.58
-79,0.54
36,0.3
26,0.58
-9,0.14
77,0.17
-63,0.91
37,0.55
-94,0.42
-76,0.01
71,0.55
-30,0.12
-62,0.67
73,0.34
1,0.04
-31,0.17
-83,0.57
-41,0.67
35,0.81
-33,0.26
-18,0.99
74,0.9
-95,0.63
86,0.53
-53,0.15
96,0.37
65,0.12
13,0.48
-94,0.87
69,0.55
39,0.18
13,0.28
-25,0.6
-85,0.24
79,0.7
52,0.46
-21,0.96
-94,0.2
77,0.85
68,0.55
-6,0.17
69,0.92
96,0.74
-82,0.33
46,0.24
-86,0.56
-57,0.92
62,0.34
-22,0.67
-32,0.62
13,0.14
6,0.73
-90,0.72
40,0.96
-60,0.79
-4,0.84
-62,0.93
-95,0.24
63,0.7
17,0.33
-80,0.19
51,0.74
-74,0.4
8,0.19
-12,0.9
75,0.24
21,0.59
98,0.52
45,0.75
-55,0.57
-32,0.66
-25,0.43
-45,0.78
-51,0.34
51,0.87
17,0.25
-67,0.49
-13,0.26
-63,0.58
-48,0.1
-12,0.3
91,0.06
-4,0.79
-3,0.01
25,0.33
-36,0.86
-49,0.64
-58,0.02
33,0.6
6,0.19
-19,0.66
74,0.08
70,0.13
-28,0.59
-11,0.65
-57,0.49
-9,0.44
-71,0.25
16,0.04
33,0.27
71,0.95
-54,0.46
66,0.62
-31,0.34
66,0.97
-62,0.74
32,0.27
-66,0.71
-46,0.89
-85,0.48
33,0.83
-28,0.67
6,0.53
17,0.34
-84,0.23
-64,0.16
-6,0.28
-33,0.26
94,0.83
-53,0.26
14,0.07
-44,0.01
-40,0.81
34,0.56
26,0.04
-61,0.27
-5,0.41
31,0.49
36,0.39
-20,0.64
-18,0.83
-57,0.58
-50,0.94
-25,0.45
-4,0.34
-11,0.86
24,0.93
69,0.06
14,0.56
-48,0.78
-6,0.16
-78,0.97
92,0.17
14,0.77
-98,0.78
13,0.26
-79,0.41
79,0.69
54,0.65
-88,0.14
34,0.5
-98,0.65
-42,0.24
-97,0.43
96,0.72
83,0.82
68,0.48
-8,0.33
5000